Sample	percent_duplicates	percent_gc	avg_sequence_length	median_sequence_length	percent_fails	total_sequences
AC79_EKDL240003470-1A_223JWCLT4_L2.lib2_1	8.105347586353687	42.0	150.0	150	18.181818181818183	487324.0
AC79_EKDL240003470-1A_223JWCLT4_L2.lib2_2	9.122332211631104	43.0	150.0	150	18.181818181818183	487324.0
AC79_EKDL240003470-1A_22JVFTLT3_L1.lib1_1	8.415528624095245	42.0	150.0	150	18.181818181818183	7296168.0
AC79_EKDL240003470-1A_22JVFTLT3_L1.lib1_2	9.444957073526723	43.0	150.0	150	18.181818181818183	7296168.0
AC80_EKDL240003470-1A_223JWCLT4_L2.lib2_1	8.20792326558508	41.0	150.0	150	18.181818181818183	712291.0
AC80_EKDL240003470-1A_223JWCLT4_L2.lib2_2	9.26941141200632	42.0	150.0	150	18.181818181818183	712291.0
AC80_EKDL240003470-1A_22JVFTLT3_L1.lib1_1	7.089250671763224	41.0	150.0	150	18.181818181818183	10539858.0
AC80_EKDL240003470-1A_22JVFTLT3_L1.lib1_2	8.23695983687223	42.0	150.0	150	27.27272727272727	10539858.0
AC81_EKDL240003470-1A_223JWCLT4_L2.lib2_1	15.048191448545225	43.0	150.0	150	18.181818181818183	953711.0
AC81_EKDL240003470-1A_223JWCLT4_L2.lib2_2	16.014989481090538	43.0	150.0	150	18.181818181818183	953711.0
AC81_EKDL240003470-1A_22JVFTLT3_L1.lib1_1	16.792250039106733	43.0	150.0	150	18.181818181818183	13561670.0
AC81_EKDL240003470-1A_22JVFTLT3_L1.lib1_2	17.54408984410192	44.0	150.0	150	18.181818181818183	13561670.0
AC82_EKDL230051108-1A_22FN5HLT3_L1.lib1_1	8.797684215316991	44.0	150.0	150	0.0	15271685.0
AC82_EKDL230051108-1A_22FN5HLT3_L1.lib1_2	10.023355507954392	44.0	150.0	150	9.090909090909092	15271685.0
AC83_EKDL230051108-1A_22FN5HLT3_L1.lib1_1	8.428087759217533	44.0	150.0	150	0.0	12331780.0
AC83_EKDL230051108-1A_22FN5HLT3_L1.lib1_2	9.442693377937815	44.0	150.0	150	0.0	12331780.0
AC84_EKDL240003470-1A_223JWCLT4_L2.lib2_1	14.606455891479499	43.0	150.0	150	27.27272727272727	1504336.0
AC84_EKDL240003470-1A_223JWCLT4_L2.lib2_2	15.520589195389817	43.0	150.0	150	18.181818181818183	1504336.0
AC84_EKDL240003470-1A_22JVFTLT3_L1.lib1_1	22.935552119490893	44.0	150.0	150	27.27272727272727	23193461.0
AC84_EKDL240003470-1A_22JVFTLT3_L1.lib1_2	23.902725647074405	44.0	150.0	150	18.181818181818183	23193461.0
AC85_EKDL230051108-1A_22FN5HLT3_L1.lib1_1	83.3134198661264	45.0	150.0	150	27.27272727272727	10691827.0
AC85_EKDL230051108-1A_22FN5HLT3_L1.lib1_2	83.86544217160707	47.0	150.0	150	45.45454545454545	10691827.0
AC86_EKDL230051108-1A_22FN5HLT3_L1.lib1_1	89.50117458003507	45.0	150.0	150	27.27272727272727	19486875.0
AC86_EKDL230051108-1A_22FN5HLT3_L1.lib1_2	89.39457920938032	45.0	150.0	150	27.27272727272727	19486875.0
AC87_EKDL230051108-1A_22FN5HLT3_L1.lib1_1	87.69198966599033	41.0	150.0	150	18.181818181818183	16529688.0
AC87_EKDL230051108-1A_22FN5HLT3_L1.lib1_2	88.29170384565661	42.0	150.0	150	27.27272727272727	16529688.0
AC88_EKDL240003470-1A_223JWCLT4_L2.lib2_1	9.087964159915998	45.0	150.0	150	18.181818181818183	581620.0
AC88_EKDL240003470-1A_223JWCLT4_L2.lib2_2	10.169255517719023	46.0	150.0	150	18.181818181818183	581620.0
AC88_EKDL240003470-1A_22JVFTLT3_L1.lib1_1	15.043223350418174	45.0	150.0	150	18.181818181818183	8741714.0
AC88_EKDL240003470-1A_22JVFTLT3_L1.lib1_2	16.143291491229448	46.0	150.0	150	27.27272727272727	8741714.0
AC89_EKDL230051108-1A_22FN5HLT3_L1.lib1_1	18.34211472357083	45.0	150.0	150	0.0	15779518.0
AC89_EKDL230051108-1A_22FN5HLT3_L1.lib1_2	19.35259183322387	46.0	150.0	150	9.090909090909092	15779518.0
AC90_EKDL240003470-1A_223JWCLT4_L2.lib2_1	8.344337796573171	42.0	150.0	150	18.181818181818183	1361087.0
AC90_EKDL240003470-1A_223JWCLT4_L2.lib2_2	9.16050195795728	43.0	150.0	150	18.181818181818183	1361087.0
AC90_EKDL240003470-1A_22JVFTLT3_L1.lib1_1	10.94185567326285	43.0	150.0	150	18.181818181818183	20063571.0
AC90_EKDL240003470-1A_22JVFTLT3_L1.lib1_2	11.713574682163468	43.0	150.0	150	18.181818181818183	20063571.0
AC91_EKDL240003470-1A_223JWCLT4_L2.lib2_1	8.531587959683478	43.0	150.0	150	18.181818181818183	855152.0
AC91_EKDL240003470-1A_223JWCLT4_L2.lib2_2	9.645700094330351	43.0	150.0	150	18.181818181818183	855152.0
AC91_EKDL240003470-1A_22JVFTLT3_L1.lib1_1	6.902808281505273	43.0	150.0	150	18.181818181818183	12376206.0
AC91_EKDL240003470-1A_22JVFTLT3_L1.lib1_2	7.9968278782609445	43.0	150.0	150	27.27272727272727	12376206.0
AC92_EKDL240003470-1A_223JWCLT4_L2.lib2_1	8.849763214412562	42.0	150.0	150	18.181818181818183	1103887.0
AC92_EKDL240003470-1A_223JWCLT4_L2.lib2_2	9.705029078270016	43.0	150.0	150	18.181818181818183	1103887.0
AC92_EKDL240003470-1A_22JVFTLT3_L1.lib1_1	6.784233392958939	42.0	150.0	150	18.181818181818183	12859155.0
AC92_EKDL240003470-1A_22JVFTLT3_L1.lib1_2	7.6604221572353595	43.0	150.0	150	18.181818181818183	12859155.0
AC93_EKDL240003470-1A_223JWCLT4_L2.lib2_1	8.381628948165826	43.0	150.0	150	18.181818181818183	806760.0
AC93_EKDL240003470-1A_223JWCLT4_L2.lib2_2	9.283364759360907	43.0	150.0	150	18.181818181818183	806760.0
AC93_EKDL240003470-1A_22JVFTLT3_L1.lib1_1	7.326026750726754	43.0	150.0	150	18.181818181818183	11908925.0
AC93_EKDL240003470-1A_22JVFTLT3_L1.lib1_2	8.166986584726516	44.0	150.0	150	18.181818181818183	11908925.0
AC94_EKDL230051108-1A_22FN5HLT3_L1.lib1_1	63.19651685234112	45.0	150.0	150	27.27272727272727	15288309.0
AC94_EKDL230051108-1A_22FN5HLT3_L1.lib1_2	63.56542982264289	45.0	150.0	150	27.27272727272727	15288309.0
AC95_EKDL240003470-1A_223JWCLT4_L2.lib2_1	9.264720401974586	42.0	150.0	150	18.181818181818183	2099892.0
AC95_EKDL240003470-1A_223JWCLT4_L2.lib2_2	10.271119076363476	42.0	150.0	150	18.181818181818183	2099892.0
AC95_EKDL240003470-1A_22JVFTLT3_L1.lib1_1	11.329599344045235	42.0	150.0	150	18.181818181818183	26744770.0
AC95_EKDL240003470-1A_22JVFTLT3_L1.lib1_2	12.25263208124025	43.0	150.0	150	18.181818181818183	26744770.0
AC96_EKDL230051108-1A_22FN5HLT3_L1.lib1_1	77.59708662219026	42.0	150.0	150	9.090909090909092	14737713.0
AC96_EKDL230051108-1A_22FN5HLT3_L1.lib1_2	78.17020484315535	43.0	150.0	150	18.181818181818183	14737713.0
AC97_EKDL230051108-1A_22FN5HLT3_L1.lib1_1	9.00174456260811	48.0	150.0	150	0.0	12105866.0
AC97_EKDL230051108-1A_22FN5HLT3_L1.lib1_2	10.606295283242702	49.0	150.0	150	9.090909090909092	12105866.0
AC98_EKDL240003470-1A_223JWCLT4_L2.lib2_1	7.7113921148171585	43.0	150.0	150	18.181818181818183	566755.0
AC98_EKDL240003470-1A_223JWCLT4_L2.lib2_2	8.718466075626225	43.0	150.0	150	18.181818181818183	566755.0
AC98_EKDL240003470-1A_22JVFTLT3_L1.lib1_1	4.832718189369871	43.0	150.0	150	18.181818181818183	8502545.0
AC98_EKDL240003470-1A_22JVFTLT3_L1.lib1_2	5.838019394440934	44.0	150.0	150	18.181818181818183	8502545.0
AC99_EKDL240003470-1A_223JWCLT4_L2.lib2_1	7.972166441529367	42.0	150.0	150	18.181818181818183	872583.0
AC99_EKDL240003470-1A_223JWCLT4_L2.lib2_2	8.895779906815378	43.0	150.0	150	18.181818181818183	872583.0
AC99_EKDL240003470-1A_22JVFTLT3_L1.lib1_1	5.7528908084449455	42.0	150.0	150	18.181818181818183	11434984.0
AC99_EKDL240003470-1A_22JVFTLT3_L1.lib1_2	6.667712445813379	43.0	150.0	150	18.181818181818183	11434984.0
AD01_EKDL240003470-1A_223JWCLT4_L2.lib2_1	19.693502046692473	43.0	150.0	150	18.181818181818183	971078.0
AD01_EKDL240003470-1A_223JWCLT4_L2.lib2_2	21.10642854212611	43.0	150.0	150	18.181818181818183	971078.0
AD01_EKDL240003470-1A_22JVFTLT3_L1.lib1_1	20.48412385481828	43.0	150.0	150	18.181818181818183	13507522.0
AD01_EKDL240003470-1A_22JVFTLT3_L1.lib1_2	21.188734473530815	43.0	150.0	150	18.181818181818183	13507522.0
AD02_EKDL240003470-1A_223JWCLT4_L2.lib2_1	12.3019968332287	43.0	150.0	150	18.181818181818183	376348.0
AD02_EKDL240003470-1A_223JWCLT4_L2.lib2_2	13.76348339613044	43.0	150.0	150	18.181818181818183	376348.0
AD02_EKDL240003470-1A_22JVFTLT3_L1.lib1_1	12.185141631420777	43.0	150.0	150	18.181818181818183	4891193.0
AD02_EKDL240003470-1A_22JVFTLT3_L1.lib1_2	13.3558186099296	43.0	150.0	150	27.27272727272727	4891193.0
AD03_EKDL240003470-1A_223JWCLT4_L2.lib2_1	7.305787492278483	44.0	150.0	150	18.181818181818183	571424.0
AD03_EKDL240003470-1A_223JWCLT4_L2.lib2_2	8.660665432726518	44.0	150.0	150	27.27272727272727	571424.0
AD03_EKDL240003470-1A_22JVFTLT3_L1.lib1_1	6.043651298460489	44.0	150.0	150	18.181818181818183	8443191.0
AD03_EKDL240003470-1A_22JVFTLT3_L1.lib1_2	7.5202173055330235	44.0	150.0	150	27.27272727272727	8443191.0
AD04_EKDL230051108-1A_22FN5HLT3_L1.lib1_1	44.290220539239634	44.0	150.0	150	9.090909090909092	16459923.0
AD04_EKDL230051108-1A_22FN5HLT3_L1.lib1_2	45.130655412895926	44.0	150.0	150	9.090909090909092	16459923.0
AD05_EKDL240003470-1A_223JWCLT4_L2.lib2_1	10.766152727633866	45.0	150.0	150	27.27272727272727	964445.0
AD05_EKDL240003470-1A_223JWCLT4_L2.lib2_2	13.040879685419469	46.0	150.0	150	27.27272727272727	964445.0
AD05_EKDL240003470-1A_22JVFTLT3_L1.lib1_1	35.53073255196212	46.0	150.0	150	36.36363636363637	15629175.0
AD05_EKDL240003470-1A_22JVFTLT3_L1.lib1_2	37.33362244290297	46.0	150.0	150	27.27272727272727	15629175.0
AD06_EKDL240003470-1A_223JWCLT4_L2.lib2_1	8.12484458080948	44.0	150.0	150	18.181818181818183	675320.0
AD06_EKDL240003470-1A_223JWCLT4_L2.lib2_2	8.8971709348653	44.0	150.0	150	18.181818181818183	675320.0
AD06_EKDL240003470-1A_22JVFTLT3_L1.lib1_1	7.898425456838183	44.0	150.0	150	18.181818181818183	9570079.0
AD06_EKDL240003470-1A_22JVFTLT3_L1.lib1_2	8.677960026158544	44.0	150.0	150	18.181818181818183	9570079.0
AD07_EKDL230051108-1A_22FN5HLT3_L1.lib1_1	9.896428006493977	46.0	150.0	150	0.0	17713241.0
AD07_EKDL230051108-1A_22FN5HLT3_L1.lib1_2	11.717104778907881	47.0	150.0	150	9.090909090909092	17713241.0
AD08_EKDL240003470-1A_223JWCLT4_L2.lib2_1	8.6346804626412	40.0	150.0	150	18.181818181818183	714445.0
AD08_EKDL240003470-1A_223JWCLT4_L2.lib2_2	9.653229241225375	40.0	150.0	150	18.181818181818183	714445.0
AD08_EKDL240003470-1A_22JVFTLT3_L1.lib1_1	10.034696665700466	40.0	150.0	150	18.181818181818183	10748157.0
AD08_EKDL240003470-1A_22JVFTLT3_L1.lib1_2	11.050133612873154	40.0	150.0	150	18.181818181818183	10748157.0
AD09_EKDL240003470-1A_223JWCLT4_L2.lib2_1	8.178747243446054	42.0	150.0	150	18.181818181818183	640007.0
AD09_EKDL240003470-1A_223JWCLT4_L2.lib2_2	9.057181027349088	43.0	150.0	150	18.181818181818183	640007.0
AD09_EKDL240003470-1A_22JVFTLT3_L1.lib1_1	8.351608920077453	42.0	150.0	150	18.181818181818183	8726332.0
AD09_EKDL240003470-1A_22JVFTLT3_L1.lib1_2	9.191334527223404	43.0	150.0	150	18.181818181818183	8726332.0
AD10_EKDL230051108-1A_22FN5HLT3_L1.lib1_1	9.65864277982412	43.0	150.0	150	9.090909090909092	15211921.0
AD10_EKDL230051108-1A_22FN5HLT3_L1.lib1_2	10.478555810111615	43.0	150.0	150	9.090909090909092	15211921.0
AD11_EKDL240003470-1A_223JWCLT4_L2.lib2_1	8.994315976790318	35.0	150.0	150	27.27272727272727	971335.0
AD11_EKDL240003470-1A_223JWCLT4_L2.lib2_2	10.286569411300974	36.0	150.0	150	27.27272727272727	971335.0
AD11_EKDL240003470-1A_22JVFTLT3_L1.lib1_1	11.997571991393414	36.0	150.0	150	27.27272727272727	14873612.0
AD11_EKDL240003470-1A_22JVFTLT3_L1.lib1_2	13.20273874266691	36.0	150.0	150	27.27272727272727	14873612.0
AD12_EKDL240003470-1A_223JWCLT4_L2.lib2_1	7.5249400087525515	41.0	150.0	150	18.181818181818183	904458.0
AD12_EKDL240003470-1A_223JWCLT4_L2.lib2_2	8.32585820826803	41.0	150.0	150	18.181818181818183	904458.0
AD12_EKDL240003470-1A_22JVFTLT3_L1.lib1_1	6.468418318497896	41.0	150.0	150	18.181818181818183	13004980.0
AD12_EKDL240003470-1A_22JVFTLT3_L1.lib1_2	7.208396872759721	41.0	150.0	150	18.181818181818183	13004980.0
AD13_EKDL230051108-1A_22FN5HLT3_L1.lib1_1	86.62917161384635	48.0	150.0	150	18.181818181818183	14339420.0
AD13_EKDL230051108-1A_22FN5HLT3_L1.lib1_2	86.91152022571286	48.0	150.0	150	18.181818181818183	14339420.0
AD14_EKDL240003470-1A_223JWCLT4_L2.lib2_1	9.157816197448199	43.0	150.0	150	18.181818181818183	962668.0
AD14_EKDL240003470-1A_223JWCLT4_L2.lib2_2	9.759682384524751	43.0	150.0	150	18.181818181818183	962668.0
AD14_EKDL240003470-1A_22JVFTLT3_L1.lib1_1	9.771708258512305	43.0	150.0	150	18.181818181818183	13793086.0
AD14_EKDL240003470-1A_22JVFTLT3_L1.lib1_2	10.6002607255639	43.0	150.0	150	18.181818181818183	13793086.0
AD15_EKDL240003470-1A_223JWCLT4_L2.lib2_1	8.264493433235813	42.0	150.0	150	18.181818181818183	730284.0
AD15_EKDL240003470-1A_223JWCLT4_L2.lib2_2	9.1958465413651	42.0	150.0	150	18.181818181818183	730284.0
AD15_EKDL240003470-1A_22JVFTLT3_L1.lib1_1	9.9150130080847	42.0	150.0	150	18.181818181818183	9756302.0
AD15_EKDL240003470-1A_22JVFTLT3_L1.lib1_2	10.77073171395054	42.0	150.0	150	18.181818181818183	9756302.0
AD16_EKDL230051108-1A_22FN5HLT3_L1.lib1_1	24.143054863361442	44.0	150.0	150	0.0	19348283.0
AD16_EKDL230051108-1A_22FN5HLT3_L1.lib1_2	24.974494728759467	44.0	150.0	150	9.090909090909092	19348283.0
AD17_EKDL240003470-1A_223JWCLT4_L2.lib2_1	8.861008028196082	43.0	150.0	150	18.181818181818183	1203013.0
AD17_EKDL240003470-1A_223JWCLT4_L2.lib2_2	9.698640136968734	43.0	150.0	150	18.181818181818183	1203013.0
AD17_EKDL240003470-1A_22JVFTLT3_L1.lib1_1	8.216178760518417	43.0	150.0	150	18.181818181818183	18093881.0
AD17_EKDL240003470-1A_22JVFTLT3_L1.lib1_2	9.028519780181256	43.0	150.0	150	18.181818181818183	18093881.0
AD18_EKDL230051108-1A_22FN5HLT3_L1.lib1_1	61.73742945707734	44.0	150.0	150	18.181818181818183	20648096.0
AD18_EKDL230051108-1A_22FN5HLT3_L1.lib1_2	62.438767715784365	44.0	150.0	150	18.181818181818183	20648096.0
AD19_EKDL240003470-1A_223JWCLT4_L2.lib2_1	9.100165070317928	43.0	150.0	150	18.181818181818183	779076.0
AD19_EKDL240003470-1A_223JWCLT4_L2.lib2_2	9.931445751996762	43.0	150.0	150	18.181818181818183	779076.0
AD19_EKDL240003470-1A_22JVFTLT3_L1.lib1_1	17.165256800208255	43.0	150.0	150	18.181818181818183	11838927.0
AD19_EKDL240003470-1A_22JVFTLT3_L1.lib1_2	18.004151250456317	43.0	150.0	150	18.181818181818183	11838927.0
AD20_EKDL230051108-1A_22FN5HLT3_L1.lib1_1	15.376128863696024	43.0	150.0	150	0.0	17563047.0
AD20_EKDL230051108-1A_22FN5HLT3_L1.lib1_2	16.040846827032084	44.0	150.0	150	0.0	17563047.0
AD21_EKDL230051108-1A_22FN5HLT3_L1.lib1_1	12.264805034748889	42.0	150.0	150	0.0	17543015.0
AD21_EKDL230051108-1A_22FN5HLT3_L1.lib1_2	13.169383207710126	42.0	150.0	150	0.0	17543015.0
AD22_EKDL240003470-1A_223JWCLT4_L2.lib2_1	12.281584965735078	42.0	150.0	150	18.181818181818183	559062.0
AD22_EKDL240003470-1A_223JWCLT4_L2.lib2_2	13.760488159567146	42.0	150.0	150	18.181818181818183	559062.0
AD22_EKDL240003470-1A_22JVFTLT3_L1.lib1_1	16.267170083983345	42.0	150.0	150	18.181818181818183	8414342.0
AD22_EKDL240003470-1A_22JVFTLT3_L1.lib1_2	17.56229556408104	42.0	150.0	150	27.27272727272727	8414342.0
AD23_EKDL230051108-1A_22FN5HLT3_L1.lib1_1	88.67793037625172	50.0	150.0	150	36.36363636363637	15078446.0
AD23_EKDL230051108-1A_22FN5HLT3_L1.lib1_2	88.66927651413137	51.0	150.0	150	45.45454545454545	15078446.0
AD24_EKDL240003470-1A_223JWCLT4_L2.lib2_1	9.924692776594043	41.0	150.0	150	18.181818181818183	783243.0
AD24_EKDL240003470-1A_223JWCLT4_L2.lib2_2	10.744805478402398	41.0	150.0	150	18.181818181818183	783243.0
AD24_EKDL240003470-1A_22JVFTLT3_L1.lib1_1	20.720465686299377	42.0	150.0	150	18.181818181818183	11966658.0
AD24_EKDL240003470-1A_22JVFTLT3_L1.lib1_2	21.511007532518732	42.0	150.0	150	18.181818181818183	11966658.0
AD25_EKDL230051108-1A_22FN5HLT3_L1.lib1_1	21.733912245402237	45.0	150.0	150	27.27272727272727	28329.0
AD25_EKDL230051108-1A_22FN5HLT3_L1.lib1_2	22.090437361008156	45.0	150.0	150	36.36363636363637	28329.0
AD26_EKDL240003470-1A_223JWCLT4_L2.lib2_1	8.462741931476302	43.0	150.0	150	18.181818181818183	405254.0
AD26_EKDL240003470-1A_223JWCLT4_L2.lib2_2	9.536555304099323	44.0	150.0	150	18.181818181818183	405254.0
AD26_EKDL240003470-1A_22JVFTLT3_L1.lib1_1	6.812858802263094	43.0	150.0	150	18.181818181818183	5652856.0
AD26_EKDL240003470-1A_22JVFTLT3_L1.lib1_2	7.750820999033579	44.0	150.0	150	18.181818181818183	5652856.0
AD27_EKDL240003470-1A_223JWCLT4_L2.lib2_1	7.532689155237975	42.0	150.0	150	18.181818181818183	943623.0
AD27_EKDL240003470-1A_223JWCLT4_L2.lib2_2	8.194123232270599	42.0	150.0	150	18.181818181818183	943623.0
AD27_EKDL240003470-1A_22JVFTLT3_L1.lib1_1	8.657860171098818	42.0	150.0	150	18.181818181818183	14630916.0
AD27_EKDL240003470-1A_22JVFTLT3_L1.lib1_2	9.157006726395664	43.0	150.0	150	18.181818181818183	14630916.0
AD28_EKDL240003470-1A_223JWCLT4_L2.lib2_1	9.285863754943975	42.0	150.0	150	18.181818181818183	646438.0
AD28_EKDL240003470-1A_223JWCLT4_L2.lib2_2	10.204437856733378	43.0	150.0	150	18.181818181818183	646438.0
AD28_EKDL240003470-1A_22JVFTLT3_L1.lib1_1	9.00623482573242	42.0	150.0	150	18.181818181818183	8984618.0
AD28_EKDL240003470-1A_22JVFTLT3_L1.lib1_2	9.959744853355375	43.0	150.0	150	18.181818181818183	8984618.0
AD29_EKDL230051108-1A_22FN5HLT3_L1.lib1_1	11.49847979522481	43.0	150.0	150	9.090909090909092	10576467.0
AD29_EKDL230051108-1A_22FN5HLT3_L1.lib1_2	11.937863151232449	44.0	150.0	150	9.090909090909092	10576467.0
AD30_EKDL240003470-1A_223JWCLT4_L2.lib2_1	8.299366135200074	43.0	150.0	150	18.181818181818183	1033619.0
AD30_EKDL240003470-1A_223JWCLT4_L2.lib2_2	9.475585262863987	43.0	150.0	150	18.181818181818183	1033619.0
AD30_EKDL240003470-1A_22JVFTLT3_L1.lib1_1	8.867838986990634	43.0	150.0	150	18.181818181818183	15511035.0
AD30_EKDL240003470-1A_22JVFTLT3_L1.lib1_2	9.875503734749202	43.0	150.0	150	18.181818181818183	15511035.0
AD31_EKDL240003470-1A_223JWCLT4_L2.lib2_1	9.078196388002567	43.0	150.0	150	18.181818181818183	829032.0
AD31_EKDL240003470-1A_223JWCLT4_L2.lib2_2	9.927225545105983	43.0	150.0	150	18.181818181818183	829032.0
AD31_EKDL240003470-1A_22JVFTLT3_L1.lib1_1	8.542889373872342	43.0	150.0	150	18.181818181818183	12557445.0
AD31_EKDL240003470-1A_22JVFTLT3_L1.lib1_2	9.209973019032063	43.0	150.0	150	18.181818181818183	12557445.0
AD32_EKDL240003470-1A_223JWCLT4_L2.lib2_1	7.8905848522501145	42.0	150.0	150	18.181818181818183	688843.0
AD32_EKDL240003470-1A_223JWCLT4_L2.lib2_2	8.555764711194257	42.0	150.0	150	18.181818181818183	688843.0
AD32_EKDL240003470-1A_22JVFTLT3_L1.lib1_1	8.081711744867633	42.0	150.0	150	18.181818181818183	10083835.0
AD32_EKDL240003470-1A_22JVFTLT3_L1.lib1_2	8.685473096467348	42.0	150.0	150	18.181818181818183	10083835.0
AD33_EKDL230051108-1A_22FN5HLT3_L1.lib1_1	56.35755428508134	44.0	150.0	150	9.090909090909092	20714809.0
AD33_EKDL230051108-1A_22FN5HLT3_L1.lib1_2	56.82190404169014	44.0	150.0	150	9.090909090909092	20714809.0
AD34_EKDL230051108-1A_22FN5HLT3_L1.lib1_1	47.53452987011975	42.0	150.0	150	9.090909090909092	15423641.0
AD34_EKDL230051108-1A_22FN5HLT3_L1.lib1_2	48.07656565451393	43.0	150.0	150	9.090909090909092	15423641.0
AD36_EKDL230051108-1A_22FN5HLT3_L1.lib1_1	8.4734339131751	43.0	150.0	150	9.090909090909092	16126995.0
AD36_EKDL230051108-1A_22FN5HLT3_L1.lib1_2	9.085678004672431	43.0	150.0	150	9.090909090909092	16126995.0
AD37_EKDL240003470-1A_223JWCLT4_L2.lib2_1	9.46357955689217	44.0	150.0	150	18.181818181818183	409221.0
AD37_EKDL240003470-1A_223JWCLT4_L2.lib2_2	10.293707008802173	44.0	150.0	150	18.181818181818183	409221.0
AD37_EKDL240003470-1A_22JVFTLT3_L1.lib1_1	8.434799394935922	44.0	150.0	150	18.181818181818183	5837517.0
AD37_EKDL240003470-1A_22JVFTLT3_L1.lib1_2	9.164416571476139	44.0	150.0	150	18.181818181818183	5837517.0
AD38_EKDL230051108-1A_22FN5HLT3_L1.lib1_1	25.128712130523965	45.0	150.0	150	9.090909090909092	18715800.0
AD38_EKDL230051108-1A_22FN5HLT3_L1.lib1_2	25.76387085191564	45.0	150.0	150	9.090909090909092	18715800.0
AD39_EKDL240003470-1A_223JWCLT4_L2.lib2_1	8.2723894427901	43.0	150.0	150	18.181818181818183	495928.0
AD39_EKDL240003470-1A_223JWCLT4_L2.lib2_2	9.383904716625892	43.0	150.0	150	18.181818181818183	495928.0
AD39_EKDL240003470-1A_22JVFTLT3_L1.lib1_1	5.3419960986772	43.0	150.0	150	18.181818181818183	7582429.0
AD39_EKDL240003470-1A_22JVFTLT3_L1.lib1_2	6.388185763647726	44.0	150.0	150	27.27272727272727	7582429.0
AD40_EKDL240003470-1A_223JWCLT4_L2.lib2_1	7.7781371732226745	43.0	150.0	150	18.181818181818183	1012233.0
AD40_EKDL240003470-1A_223JWCLT4_L2.lib2_2	8.43061154478471	44.0	150.0	150	18.181818181818183	1012233.0
AD40_EKDL240003470-1A_22JVFTLT3_L1.lib1_1	8.52616888452826	44.0	150.0	150	18.181818181818183	14659180.0
AD40_EKDL240003470-1A_22JVFTLT3_L1.lib1_2	9.337349780757279	44.0	150.0	150	18.181818181818183	14659180.0
AD41_EKDL240003470-1A_223JWCLT4_L2.lib2_1	8.237578255174412	43.0	150.0	150	18.181818181818183	355694.0
AD41_EKDL240003470-1A_223JWCLT4_L2.lib2_2	9.249051936888648	44.0	150.0	150	18.181818181818183	355694.0
AD41_EKDL240003470-1A_22JVFTLT3_L1.lib1_1	4.630305977386811	43.0	150.0	150	18.181818181818183	4661187.0
AD41_EKDL240003470-1A_22JVFTLT3_L1.lib1_2	5.6790467567604	44.0	150.0	150	27.27272727272727	4661187.0
AD42_EKDL240003470-1A_223JWCLT4_L2.lib2_1	8.319563828999605	44.0	150.0	150	18.181818181818183	929201.0
AD42_EKDL240003470-1A_223JWCLT4_L2.lib2_2	9.260958037992111	44.0	150.0	150	18.181818181818183	929201.0
AD42_EKDL240003470-1A_22JVFTLT3_L1.lib1_1	6.229635294439262	44.0	150.0	150	18.181818181818183	13105748.0
AD42_EKDL240003470-1A_22JVFTLT3_L1.lib1_2	7.178852657408015	44.0	150.0	150	18.181818181818183	13105748.0
AD43_EKDL240003470-1A_223JWCLT4_L2.lib2_1	8.04610850562527	43.0	150.0	150	18.181818181818183	389648.0
AD43_EKDL240003470-1A_223JWCLT4_L2.lib2_2	8.698099310858694	43.0	150.0	150	18.181818181818183	389648.0
AD43_EKDL240003470-1A_22JVFTLT3_L1.lib1_1	4.940949135058091	44.0	150.0	150	18.181818181818183	5725292.0
AD43_EKDL240003470-1A_22JVFTLT3_L1.lib1_2	5.694524671736829	44.0	150.0	150	18.181818181818183	5725292.0
AD44_EKDL230051108-1A_22FN5HLT3_L1.lib1_1	7.625758119480068	43.0	150.0	150	0.0	12036513.0
AD44_EKDL230051108-1A_22FN5HLT3_L1.lib1_2	8.458325379114015	43.0	150.0	150	0.0	12036513.0
AD46_EKDL230051108-1A_22FN5HLT3_L1.lib1_1	13.12009287734061	44.0	150.0	150	9.090909090909092	14711540.0
AD46_EKDL230051108-1A_22FN5HLT3_L1.lib1_2	14.207375750847348	45.0	150.0	150	18.181818181818183	14711540.0
AD47_EKDL230051108-1A_22FN5HLT3_L1.lib1_1	9.117255798751216	44.0	150.0	150	0.0	21211690.0
AD47_EKDL230051108-1A_22FN5HLT3_L1.lib1_2	9.998390491189966	44.0	150.0	150	0.0	21211690.0
AD49_EKDL230051108-1A_22FN5HLT3_L1.lib1_1	7.381176496914833	43.0	150.0	150	0.0	12166616.0
AD49_EKDL230051108-1A_22FN5HLT3_L1.lib1_2	8.31062613674905	44.0	150.0	150	0.0	12166616.0
AD50_EKDL230051108-1A_22FN5HLT3_L1.lib1_1	7.072791956970789	44.0	150.0	150	0.0	12886793.0
AD50_EKDL230051108-1A_22FN5HLT3_L1.lib1_2	7.86146597608473	44.0	150.0	150	0.0	12886793.0
AD51_EKDL230051108-1A_22FN5HLT3_L1.lib1_1	6.350093949860508	44.0	150.0	150	0.0	6078017.0
AD51_EKDL230051108-1A_22FN5HLT3_L1.lib1_2	7.359193495365886	45.0	150.0	150	0.0	6078017.0
AD52_EKDL230051108-1A_22FN5HLT3_L1.lib1_1	7.452631167950855	45.0	150.0	150	0.0	14197919.0
AD52_EKDL230051108-1A_22FN5HLT3_L1.lib1_2	8.368653924944866	46.0	150.0	150	0.0	14197919.0
AD53_EKDL230051108-1A_22FN5HLT3_L1.lib1_1	12.129227177235563	44.0	150.0	150	0.0	15279962.0
AD53_EKDL230051108-1A_22FN5HLT3_L1.lib1_2	16.07492982577122	46.0	150.0	150	18.181818181818183	15279962.0
AD54_EKDL240003470-1A_223JWCLT4_L2.lib2_1	5.111706369699391	43.0	150.0	150	18.181818181818183	1066642.0
AD54_EKDL240003470-1A_223JWCLT4_L2.lib2_2	5.86668113145916	43.0	150.0	150	18.181818181818183	1066642.0
AD54_EKDL240003470-1A_22JVFTLT3_L1.lib1_1	6.948038589426403	43.0	150.0	150	18.181818181818183	17294555.0
AD54_EKDL240003470-1A_22JVFTLT3_L1.lib1_2	7.888110484154652	43.0	150.0	150	18.181818181818183	17294555.0
AD55_EKDL240003470-1A_223JWCLT4_L2.lib2_1	8.131032260823375	42.0	150.0	150	18.181818181818183	532642.0
AD55_EKDL240003470-1A_223JWCLT4_L2.lib2_2	9.18645664532076	43.0	150.0	150	18.181818181818183	532642.0
AD55_EKDL240003470-1A_22JVFTLT3_L1.lib1_1	5.131346696987933	42.0	150.0	150	18.181818181818183	7557683.0
AD55_EKDL240003470-1A_22JVFTLT3_L1.lib1_2	6.222496525125152	43.0	150.0	150	27.27272727272727	7557683.0
AD56_EKDL240003470-1A_223JWCLT4_L2.lib2_1	7.996230697871624	44.0	150.0	150	18.181818181818183	626792.0
AD56_EKDL240003470-1A_223JWCLT4_L2.lib2_2	8.97310455705572	44.0	150.0	150	18.181818181818183	626792.0
AD56_EKDL240003470-1A_22JVFTLT3_L1.lib1_1	6.296877745022812	44.0	150.0	150	18.181818181818183	8666211.0
AD56_EKDL240003470-1A_22JVFTLT3_L1.lib1_2	7.401892018526041	44.0	150.0	150	27.27272727272727	8666211.0
AD57_EKDL230051108-1A_22FN5HLT3_L1.lib1_1	16.7296770601382	43.0	150.0	150	18.181818181818183	5564731.0
AD57_EKDL230051108-1A_22FN5HLT3_L1.lib1_2	17.46235710803529	43.0	150.0	150	18.181818181818183	5564731.0
AD58_EKDL240003470-1A_223JWCLT4_L2.lib2_1	8.664309884259168	44.0	150.0	150	18.181818181818183	514613.0
AD58_EKDL240003470-1A_223JWCLT4_L2.lib2_2	9.69957380455196	44.0	150.0	150	18.181818181818183	514613.0
AD58_EKDL240003470-1A_22JVFTLT3_L1.lib1_1	7.781956531076702	44.0	150.0	150	18.181818181818183	7217175.0
AD58_EKDL240003470-1A_22JVFTLT3_L1.lib1_2	8.677011077609023	44.0	150.0	150	18.181818181818183	7217175.0
AD59_EKDL240003470-1A_223JWCLT4_L2.lib2_1	8.917455971845172	42.0	150.0	150	18.181818181818183	471188.0
AD59_EKDL240003470-1A_223JWCLT4_L2.lib2_2	9.776586258300725	43.0	150.0	150	18.181818181818183	471188.0
AD59_EKDL240003470-1A_22JVFTLT3_L1.lib1_1	6.055243591899725	43.0	150.0	150	18.181818181818183	6305966.0
AD59_EKDL240003470-1A_22JVFTLT3_L1.lib1_2	7.137595311521878	43.0	150.0	150	18.181818181818183	6305966.0
AD60_EKDL230051108-1A_22FN5HLT3_L1.lib1_1	6.198270968344033	44.0	150.0	150	0.0	3783923.0
AD60_EKDL230051108-1A_22FN5HLT3_L1.lib1_2	7.255530697825151	45.0	150.0	150	9.090909090909092	3783923.0
AD61_EKDL240003470-1A_223JWCLT4_L2.lib2_1	7.972232530239907	43.0	150.0	150	18.181818181818183	766802.0
AD61_EKDL240003470-1A_223JWCLT4_L2.lib2_2	8.842766095648898	43.0	150.0	150	18.181818181818183	766802.0
AD61_EKDL240003470-1A_22JVFTLT3_L1.lib1_1	5.805935211160218	43.0	150.0	150	18.181818181818183	10812444.0
AD61_EKDL240003470-1A_22JVFTLT3_L1.lib1_2	6.718090195903287	44.0	150.0	150	18.181818181818183	10812444.0
AD62_EKDL240003470-1A_223JWCLT4_L2.lib2_1	8.313052223387146	44.0	150.0	150	18.181818181818183	611587.0
AD62_EKDL240003470-1A_223JWCLT4_L2.lib2_2	9.28438943125613	44.0	150.0	150	18.181818181818183	611587.0
AD62_EKDL240003470-1A_22JVFTLT3_L1.lib1_1	5.865807488563718	44.0	150.0	150	18.181818181818183	9252283.0
AD62_EKDL240003470-1A_22JVFTLT3_L1.lib1_2	7.001161093564292	44.0	150.0	150	27.27272727272727	9252283.0
AD63_EKDL230051108-1A_22FN5HLT3_L1.lib1_1	7.377051585501306	44.0	150.0	150	0.0	8774998.0
AD63_EKDL230051108-1A_22FN5HLT3_L1.lib1_2	8.414987518431957	44.0	150.0	150	9.090909090909092	8774998.0
AD65_EKDL230051108-1A_22FN5HLT3_L1.lib1_1	8.238996230758161	43.0	150.0	150	0.0	16113769.0
AD65_EKDL230051108-1A_22FN5HLT3_L1.lib1_2	9.111924360329667	43.0	150.0	150	0.0	16113769.0
AD65_EKDL240003470-1A_223JWCLT4_L2.lib2_1	9.556890213817653	42.0	150.0	150	18.181818181818183	276405.0
AD65_EKDL240003470-1A_223JWCLT4_L2.lib2_2	10.479189254128983	42.0	150.0	150	18.181818181818183	276405.0
AD65_EKDL240003470-1A_22JVFTLT3_L1.lib1_1	5.608090820923394	42.0	150.0	150	18.181818181818183	3706398.0
AD65_EKDL240003470-1A_22JVFTLT3_L1.lib1_2	6.698980011417532	42.0	150.0	150	27.27272727272727	3706398.0
AD66_EKDL230051108-1A_22FN5HLT3_L1.lib1_1	8.900664661545349	44.0	150.0	150	0.0	8550799.0
AD66_EKDL230051108-1A_22FN5HLT3_L1.lib1_2	9.952415776167982	45.0	150.0	150	0.0	8550799.0
AD68_EKDL230051108-1A_22FN5HLT3_L1.lib1_1	7.40018317880849	44.0	150.0	150	0.0	20731203.0
AD68_EKDL230051108-1A_22FN5HLT3_L1.lib1_2	8.66509881669792	45.0	150.0	150	9.090909090909092	20731203.0
AD69_EKDL230051108-1A_22FN5HLT3_L1.lib1_1	94.31233003529479	61.0	150.0	150	54.54545454545454	17283.0
AD69_EKDL230051108-1A_22FN5HLT3_L1.lib1_2	91.52924839437597	61.0	150.0	150	54.54545454545454	17283.0
AD70_EKDL230051108-1A_22FN5HLT3_L1.lib1_1	7.097395745173273	44.0	150.0	150	0.0	14665155.0
AD70_EKDL230051108-1A_22FN5HLT3_L1.lib1_2	8.317956751141452	44.0	150.0	150	9.090909090909092	14665155.0
AD70_EKDL240003470-1A_223JWCLT4_L2.lib2_1	8.016402717488518	44.0	150.0	150	18.181818181818183	733131.0
AD70_EKDL240003470-1A_223JWCLT4_L2.lib2_2	9.111694741050869	44.0	150.0	150	18.181818181818183	733131.0
AD70_EKDL240003470-1A_22JVFTLT3_L1.lib1_1	6.902194275466826	44.0	150.0	150	18.181818181818183	11006562.0
AD70_EKDL240003470-1A_22JVFTLT3_L1.lib1_2	8.074431742344373	44.0	150.0	150	27.27272727272727	11006562.0
AD71_EKDL230051108-1A_22FN5HLT3_L1.lib1_1	6.194563787914106	44.0	150.0	150	0.0	4198130.0
AD71_EKDL230051108-1A_22FN5HLT3_L1.lib1_2	8.00253896545729	45.0	150.0	150	9.090909090909092	4198130.0
AD72_EKDL230051108-1A_22FN5HLT3_L1.lib1_1	6.729669367714962	44.0	150.0	150	0.0	12575951.0
AD72_EKDL230051108-1A_22FN5HLT3_L1.lib1_2	7.607341762852755	44.0	150.0	150	0.0	12575951.0
AD73_EKDL240003470-1A_223JWCLT4_L2.lib2_1	8.66716476306955	46.0	150.0	150	18.181818181818183	754369.0
AD73_EKDL240003470-1A_223JWCLT4_L2.lib2_2	9.416477801258168	46.0	150.0	150	18.181818181818183	754369.0
AD73_EKDL240003470-1A_22JVFTLT3_L1.lib1_1	7.883420366456974	46.0	150.0	150	18.181818181818183	11321623.0
AD73_EKDL240003470-1A_22JVFTLT3_L1.lib1_2	8.726931056343034	46.0	150.0	150	18.181818181818183	11321623.0
AD74_EKDL230051108-1A_22FN5HLT3_L1.lib1_1	79.31807380960184	46.0	150.0	150	18.181818181818183	21088489.0
AD74_EKDL230051108-1A_22FN5HLT3_L1.lib1_2	79.78102975911281	46.0	150.0	150	18.181818181818183	21088489.0
AD75_EKDL230051108-1A_22FN5HLT3_L1.lib1_1	77.27880577162564	45.0	150.0	150	9.090909090909092	18561568.0
AD75_EKDL230051108-1A_22FN5HLT3_L1.lib1_2	77.81335041033452	45.0	150.0	150	9.090909090909092	18561568.0
AD76_EKDL230051108-1A_22FN5HLT3_L1.lib1_1	35.11855245167574	45.0	150.0	150	0.0	45486360.0
AD76_EKDL230051108-1A_22FN5HLT3_L1.lib1_2	36.21433054624086	46.0	150.0	150	9.090909090909092	45486360.0
AD77_EKDL230051108-1A_22FN5HLT3_L1.lib1_1	84.54395465516463	44.0	150.0	150	27.27272727272727	21874447.0
AD77_EKDL230051108-1A_22FN5HLT3_L1.lib1_2	84.82234714725574	45.0	150.0	150	27.27272727272727	21874447.0
AD78_EKDL240003470-1A_223JWCLT4_L2.lib2_1	9.719283398725707	42.0	150.0	150	18.181818181818183	2299967.0
AD78_EKDL240003470-1A_223JWCLT4_L2.lib2_2	10.650613470242575	42.0	150.0	150	18.181818181818183	2299967.0
AD78_EKDL240003470-1A_22JVFTLT3_L1.lib1_1	32.41891265347083	43.0	150.0	150	18.181818181818183	34557748.0
AD78_EKDL240003470-1A_22JVFTLT3_L1.lib1_2	33.28802640956896	43.0	150.0	150	18.181818181818183	34557748.0
AD79_EKDL240003470-1A_223JWCLT4_L2.lib2_1	9.488609222265183	42.0	150.0	150	18.181818181818183	2201191.0
AD79_EKDL240003470-1A_223JWCLT4_L2.lib2_2	10.452834233397539	43.0	150.0	150	18.181818181818183	2201191.0
AD79_EKDL240003470-1A_22JVFTLT3_L1.lib1_1	14.694007491877286	43.0	150.0	150	18.181818181818183	31012785.0
AD79_EKDL240003470-1A_22JVFTLT3_L1.lib1_2	15.517914185720556	43.0	150.0	150	18.181818181818183	31012785.0
AD80_EKDL240003470-1A_223JWCLT4_L2.lib2_1	12.406604879730523	43.0	150.0	150	18.181818181818183	863659.0
AD80_EKDL240003470-1A_223JWCLT4_L2.lib2_2	17.42381134185264	46.0	150.0	150	36.36363636363637	863659.0
AD80_EKDL240003470-1A_22JVFTLT3_L1.lib1_1	51.65168139287566	43.0	150.0	150	27.27272727272727	12351965.0
AD80_EKDL240003470-1A_22JVFTLT3_L1.lib1_2	53.795555732379505	46.0	150.0	150	45.45454545454545	12351965.0
AD81_EKDL240003470-1A_223JWCLT4_L2.lib2_1	7.8145886317338125	43.0	150.0	150	18.181818181818183	509086.0
AD81_EKDL240003470-1A_223JWCLT4_L2.lib2_2	9.334437457584642	44.0	150.0	150	27.27272727272727	509086.0
AD81_EKDL240003470-1A_22JVFTLT3_L1.lib1_1	6.8964125819526885	43.0	150.0	150	18.181818181818183	7381256.0
AD81_EKDL240003470-1A_22JVFTLT3_L1.lib1_2	8.387836533348647	44.0	150.0	150	27.27272727272727	7381256.0
AD82_EKDL240003470-1A_223JWCLT4_L2.lib2_1	7.3362843334215455	42.0	150.0	150	18.181818181818183	689144.0
AD82_EKDL240003470-1A_223JWCLT4_L2.lib2_2	8.392308454891463	43.0	150.0	150	18.181818181818183	689144.0
AD82_EKDL240003470-1A_22JVFTLT3_L1.lib1_1	7.346775980121535	43.0	150.0	150	18.181818181818183	10345894.0
AD82_EKDL240003470-1A_22JVFTLT3_L1.lib1_2	8.436611700708923	43.0	150.0	150	27.27272727272727	10345894.0
AD83_EKDL240003470-1A_223JWCLT4_L2.lib2_1	8.66455468069583	44.0	150.0	150	18.181818181818183	1530725.0
AD83_EKDL240003470-1A_223JWCLT4_L2.lib2_2	9.435490691464892	45.0	150.0	150	18.181818181818183	1530725.0
AD83_EKDL240003470-1A_22JVFTLT3_L1.lib1_1	11.950170251952855	45.0	150.0	150	18.181818181818183	22929788.0
AD83_EKDL240003470-1A_22JVFTLT3_L1.lib1_2	12.806318614824804	45.0	150.0	150	18.181818181818183	22929788.0
AD84_EKDL230051108-1A_22FN5HLT3_L1.lib1_1	88.52736324004006	42.0	150.0	150	18.181818181818183	24801726.0
AD84_EKDL230051108-1A_22FN5HLT3_L1.lib1_2	88.99077282569826	43.0	150.0	150	27.27272727272727	24801726.0
AD85_EKDL230051108-1A_22FN5HLT3_L1.lib1_1	87.73073314635025	45.0	150.0	150	27.27272727272727	17240218.0
AD85_EKDL230051108-1A_22FN5HLT3_L1.lib1_2	87.96496772498432	46.0	150.0	150	18.181818181818183	17240218.0
AD86_EKDL230051108-1A_22FN5HLT3_L1.lib1_1	13.535548413695238	40.0	150.0	150	0.0	13672239.0
AD86_EKDL230051108-1A_22FN5HLT3_L1.lib1_2	14.376460451665423	41.0	150.0	150	0.0	13672239.0
AD87_EKDL240003470-1A_223JWCLT4_L2.lib2_1	7.7736967322166635	44.0	150.0	150	18.181818181818183	414014.0
AD87_EKDL240003470-1A_223JWCLT4_L2.lib2_2	9.193398729408699	44.0	150.0	150	27.27272727272727	414014.0
AD87_EKDL240003470-1A_22JVFTLT3_L1.lib1_1	5.9363221641986	44.0	150.0	150	18.181818181818183	5942379.0
AD87_EKDL240003470-1A_22JVFTLT3_L1.lib1_2	7.495130085662424	44.0	150.0	150	27.27272727272727	5942379.0
AD88_EKDL240003470-1A_223JWCLT4_L2.lib2_1	8.054494353991899	43.0	150.0	150	18.181818181818183	984164.0
AD88_EKDL240003470-1A_223JWCLT4_L2.lib2_2	8.6726707425954	43.0	150.0	150	18.181818181818183	984164.0
AD88_EKDL240003470-1A_22JVFTLT3_L1.lib1_1	7.059848796886442	43.0	150.0	150	18.181818181818183	14684966.0
AD88_EKDL240003470-1A_22JVFTLT3_L1.lib1_2	7.614036243262063	44.0	150.0	150	18.181818181818183	14684966.0
AD89_EKDL240003470-1A_223JWCLT4_L2.lib2_1	9.194161368863135	44.0	150.0	150	18.181818181818183	214435.0
AD89_EKDL240003470-1A_223JWCLT4_L2.lib2_2	10.149192364734489	44.0	150.0	150	18.181818181818183	214435.0
AD89_EKDL240003470-1A_22JVFTLT3_L1.lib1_1	4.846674503823067	44.0	150.0	150	18.181818181818183	2908452.0
AD89_EKDL240003470-1A_22JVFTLT3_L1.lib1_2	5.756202499328282	44.0	150.0	150	18.181818181818183	2908452.0
AD90_EKDL240003470-1A_223JWCLT4_L2.lib2_1	8.851121991001165	43.0	150.0	150	18.181818181818183	943746.0
AD90_EKDL240003470-1A_223JWCLT4_L2.lib2_2	9.77716252960596	43.0	150.0	150	18.181818181818183	943746.0
AD90_EKDL240003470-1A_22JVFTLT3_L1.lib1_1	8.981440637906246	43.0	150.0	150	18.181818181818183	13896499.0
AD90_EKDL240003470-1A_22JVFTLT3_L1.lib1_2	9.806455309051032	43.0	150.0	150	18.181818181818183	13896499.0
AD91_EKDL230051108-1A_22FN5HLT3_L1.lib1_1	88.67793037625172	50.0	150.0	150	36.36363636363637	15078446.0
AD91_EKDL230051108-1A_22FN5HLT3_L1.lib1_2	88.66927651413137	51.0	150.0	150	45.45454545454545	15078446.0
AD93_EKDL240003470-1A_223JWCLT4_L2.lib2_1	8.202122907471406	45.0	150.0	150	18.181818181818183	934769.0
AD93_EKDL240003470-1A_223JWCLT4_L2.lib2_2	9.663498565754054	46.0	150.0	150	27.27272727272727	934769.0
AD93_EKDL240003470-1A_22JVFTLT3_L1.lib1_1	9.572475464318643	45.0	150.0	150	18.181818181818183	13843962.0
AD93_EKDL240003470-1A_22JVFTLT3_L1.lib1_2	10.969291756896453	46.0	150.0	150	27.27272727272727	13843962.0
AD94_EKDL230051108-1A_22FN5HLT3_L1.lib1_1	13.925578753138254	42.0	150.0	150	0.0	37207241.0
AD94_EKDL230051108-1A_22FN5HLT3_L1.lib1_2	14.84254205469206	43.0	150.0	150	0.0	37207241.0
AD95_EKDL240003470-1A_223JWCLT4_L2.lib2_1	8.105040770817908	43.0	150.0	150	18.181818181818183	1034300.0
AD95_EKDL240003470-1A_223JWCLT4_L2.lib2_2	8.862708678557723	43.0	150.0	150	18.181818181818183	1034300.0
AD95_EKDL240003470-1A_22JVFTLT3_L1.lib1_1	8.132604674041588	43.0	150.0	150	18.181818181818183	15301188.0
AD95_EKDL240003470-1A_22JVFTLT3_L1.lib1_2	8.845720489049043	43.0	150.0	150	18.181818181818183	15301188.0
AD96_EKDL240003470-1A_223JWCLT4_L2.lib2_1	7.7037999530832195	41.0	150.0	150	18.181818181818183	686490.0
AD96_EKDL240003470-1A_223JWCLT4_L2.lib2_2	8.788750949961099	41.0	150.0	150	18.181818181818183	686490.0
AD96_EKDL240003470-1A_22JVFTLT3_L1.lib1_1	6.292154079791828	41.0	150.0	150	18.181818181818183	10389174.0
AD96_EKDL240003470-1A_22JVFTLT3_L1.lib1_2	7.25534940603913	41.0	150.0	150	18.181818181818183	10389174.0
AD97_EKDL230051108-1A_22FN5HLT3_L1.lib1_1	10.929396756278479	43.0	150.0	150	0.0	13780644.0
AD97_EKDL230051108-1A_22FN5HLT3_L1.lib1_2	11.934425506473673	44.0	150.0	150	0.0	13780644.0
AD98_EKDL230051108-1A_22FN5HLT3_L1.lib1_1	66.91936037042629	44.0	150.0	150	18.181818181818183	28211160.0
AD98_EKDL230051108-1A_22FN5HLT3_L1.lib1_2	67.44743955488819	45.0	150.0	150	18.181818181818183	28211160.0
AD99_EKDL240003470-1A_223JWCLT4_L2.lib2_1	8.13836415843177	43.0	150.0	150	18.181818181818183	892071.0
AD99_EKDL240003470-1A_223JWCLT4_L2.lib2_2	9.02587325110457	43.0	150.0	150	18.181818181818183	892071.0
AD99_EKDL240003470-1A_22JVFTLT3_L1.lib1_1	8.048383651950502	43.0	150.0	150	18.181818181818183	13184428.0
AD99_EKDL240003470-1A_22JVFTLT3_L1.lib1_2	8.911550969566505	44.0	150.0	150	18.181818181818183	13184428.0
AE01_EKDL240003470-1A_223JWCLT4_L2.lib2_1	39.38762341482527	56.0	150.0	150	45.45454545454545	856805.0
AE01_EKDL240003470-1A_223JWCLT4_L2.lib2_2	37.720862587548986	53.0	150.0	150	45.45454545454545	856805.0
AE01_EKDL240003470-1A_22JVFTLT3_L1.lib1_1	74.29914321559946	57.0	150.0	150	54.54545454545454	14740530.0
AE01_EKDL240003470-1A_22JVFTLT3_L1.lib1_2	73.37075183662007	54.0	150.0	150	54.54545454545454	14740530.0
AE02_EKDL240003470-1A_223JWCLT4_L2.lib2_1	8.226401263393086	43.0	150.0	150	18.181818181818183	1281403.0
AE02_EKDL240003470-1A_223JWCLT4_L2.lib2_2	9.139359032609761	43.0	150.0	150	18.181818181818183	1281403.0
AE02_EKDL240003470-1A_22JVFTLT3_L1.lib1_1	9.61460123483937	43.0	150.0	150	18.181818181818183	18791699.0
AE02_EKDL240003470-1A_22JVFTLT3_L1.lib1_2	10.535455093734598	43.0	150.0	150	18.181818181818183	18791699.0
AE03_EKDL240003470-1A_223JWCLT4_L2.lib2_1	8.849729761025472	44.0	150.0	150	18.181818181818183	477984.0
AE03_EKDL240003470-1A_223JWCLT4_L2.lib2_2	10.022135095528142	44.0	150.0	150	18.181818181818183	477984.0
AE03_EKDL240003470-1A_22JVFTLT3_L1.lib1_1	10.771754902826942	44.0	150.0	150	18.181818181818183	7110612.0
AE03_EKDL240003470-1A_22JVFTLT3_L1.lib1_2	11.963193554583285	45.0	150.0	150	27.27272727272727	7110612.0
AE04_EKDL240003470-1A_223JWCLT4_L2.lib2_1	8.635158558995457	41.0	150.0	150	18.181818181818183	1105974.0
AE04_EKDL240003470-1A_223JWCLT4_L2.lib2_2	9.821393188262988	42.0	150.0	150	18.181818181818183	1105974.0
AE04_EKDL240003470-1A_22JVFTLT3_L1.lib1_1	10.036494064206806	42.0	150.0	150	18.181818181818183	16057516.0
AE04_EKDL240003470-1A_22JVFTLT3_L1.lib1_2	11.026701707833013	42.0	150.0	150	18.181818181818183	16057516.0
AE05_EKDL240003470-1A_223JWCLT4_L2.lib2_1	8.53342788631167	43.0	150.0	150	18.181818181818183	2563659.0
AE05_EKDL240003470-1A_223JWCLT4_L2.lib2_2	9.35863091493691	43.0	150.0	150	18.181818181818183	2563659.0
AE05_EKDL240003470-1A_22JVFTLT3_L1.lib1_1	13.58066863670581	44.0	150.0	150	18.181818181818183	37374192.0
AE05_EKDL240003470-1A_22JVFTLT3_L1.lib1_2	14.151750940855564	44.0	150.0	150	18.181818181818183	37374192.0
AE06_EKDL240003470-1A_223JWCLT4_L2.lib2_1	9.341892682078921	43.0	150.0	150	18.181818181818183	398783.0
AE06_EKDL240003470-1A_223JWCLT4_L2.lib2_2	10.122538830700009	43.0	150.0	150	18.181818181818183	398783.0
AE06_EKDL240003470-1A_22JVFTLT3_L1.lib1_1	7.225638294831498	43.0	150.0	150	18.181818181818183	5606762.0
AE06_EKDL240003470-1A_22JVFTLT3_L1.lib1_2	7.992977052532169	43.0	150.0	150	18.181818181818183	5606762.0
AE07_EKDL230051108-1A_22FN5HLT3_L1.lib1_1	11.366975111295503	45.0	150.0	150	0.0	15632792.0
AE07_EKDL230051108-1A_22FN5HLT3_L1.lib1_2	12.61446984283279	46.0	150.0	150	9.090909090909092	15632792.0
AE08_EKDL230051108-1A_22FN5HLT3_L1.lib1_1	15.052441472582558	44.0	150.0	150	0.0	14666640.0
AE08_EKDL230051108-1A_22FN5HLT3_L1.lib1_2	16.032188827390044	44.0	150.0	150	0.0	14666640.0
AE09_EKDL240003470-1A_223JWCLT4_L2.lib2_1	8.389761875610276	45.0	150.0	150	18.181818181818183	1074090.0
AE09_EKDL240003470-1A_223JWCLT4_L2.lib2_2	9.50439752955839	45.0	150.0	150	18.181818181818183	1074090.0
AE09_EKDL240003470-1A_22JVFTLT3_L1.lib1_1	9.884156379477758	45.0	150.0	150	18.181818181818183	15598699.0
AE09_EKDL240003470-1A_22JVFTLT3_L1.lib1_2	10.845317812297296	45.0	150.0	150	18.181818181818183	15598699.0
AE91_EKDL240003470-1A_223JWCLT4_L2.lib2_1	8.62887725309622	45.0	150.0	150	18.181818181818183	289908.0
AE91_EKDL240003470-1A_223JWCLT4_L2.lib2_2	9.438292209003379	45.0	150.0	150	18.181818181818183	289908.0
AE91_EKDL240003470-1A_22JVFTLT3_L1.lib1_1	4.707223991229242	45.0	150.0	150	18.181818181818183	4322555.0
AE91_EKDL240003470-1A_22JVFTLT3_L1.lib1_2	5.434569552606376	45.0	150.0	150	18.181818181818183	4322555.0
AE92_EKDL240003470-1A_223JWCLT4_L2.lib2_1	7.76387712266974	45.0	150.0	150	18.181818181818183	1122586.0
AE92_EKDL240003470-1A_223JWCLT4_L2.lib2_2	8.42070412708729	45.0	150.0	150	18.181818181818183	1122586.0
AE92_EKDL240003470-1A_22JVFTLT3_L1.lib1_1	7.325750441243187	45.0	150.0	150	18.181818181818183	15504198.0
AE92_EKDL240003470-1A_22JVFTLT3_L1.lib1_2	8.085279435972737	45.0	150.0	150	18.181818181818183	15504198.0
AE93_EKDL240003470-1A_223JWCLT4_L2.lib2_1	8.34015610773588	41.0	150.0	150	18.181818181818183	577394.0
AE93_EKDL240003470-1A_223JWCLT4_L2.lib2_2	9.406629533194149	41.0	150.0	150	18.181818181818183	577394.0
AE93_EKDL240003470-1A_22JVFTLT3_L1.lib1_1	6.251774813914267	41.0	150.0	150	18.181818181818183	8468414.0
AE93_EKDL240003470-1A_22JVFTLT3_L1.lib1_2	7.173675693256669	41.0	150.0	150	18.181818181818183	8468414.0
AE94_EKDL230051108-1A_22FN5HLT3_L1.lib1_1	11.352066186736437	48.0	150.0	150	0.0	9121757.0
AE94_EKDL230051108-1A_22FN5HLT3_L1.lib1_2	12.451851575052046	48.0	150.0	150	9.090909090909092	9121757.0
AE95_EKDL240003470-1A_223JWCLT4_L2.lib2_1	7.379002520014012	42.0	150.0	150	18.181818181818183	603269.0
AE95_EKDL240003470-1A_223JWCLT4_L2.lib2_2	8.735203088267255	43.0	150.0	150	27.27272727272727	603269.0
AE95_EKDL240003470-1A_22JVFTLT3_L1.lib1_1	5.497073406684706	43.0	150.0	150	18.181818181818183	9119470.0
AE95_EKDL240003470-1A_22JVFTLT3_L1.lib1_2	6.996543762326397	43.0	150.0	150	27.27272727272727	9119470.0
AE96_EKDL230051108-1A_22FN5HLT3_L1.lib1_1	7.779352793912324	41.0	150.0	150	0.0	14251667.0
AE96_EKDL230051108-1A_22FN5HLT3_L1.lib1_2	8.990304425777538	42.0	150.0	150	9.090909090909092	14251667.0
AE97_EKDL230051108-1A_22FN5HLT3_L1.lib1_1	12.991860314477634	44.0	150.0	150	0.0	15438703.0
AE97_EKDL230051108-1A_22FN5HLT3_L1.lib1_2	13.942527818773357	44.0	150.0	150	0.0	15438703.0
AE98_EKDL240003470-1A_223JWCLT4_L2.lib2_1	8.992791198070648	44.0	150.0	150	18.181818181818183	855040.0
AE98_EKDL240003470-1A_223JWCLT4_L2.lib2_2	10.221245079761616	45.0	150.0	150	18.181818181818183	855040.0
AE98_EKDL240003470-1A_22JVFTLT3_L1.lib1_1	18.617026950630972	45.0	150.0	150	18.181818181818183	12916471.0
AE98_EKDL240003470-1A_22JVFTLT3_L1.lib1_2	19.671468991937147	45.0	150.0	150	27.27272727272727	12916471.0
AE99_EKDL230051108-1A_22FN5HLT3_L1.lib1_1	7.044707016757883	45.0	150.0	150	0.0	11372995.0
AE99_EKDL230051108-1A_22FN5HLT3_L1.lib1_2	7.944270974295549	45.0	150.0	150	0.0	11372995.0
AF01_EKDL230051108-1A_22FN5HLT3_L1.lib1_1	11.154263649248293	42.0	150.0	150	9.090909090909092	14697173.0
AF01_EKDL230051108-1A_22FN5HLT3_L1.lib1_2	11.742881286314798	42.0	150.0	150	18.181818181818183	14697173.0
AF02_EKDL240003470-1A_223JWCLT4_L2.lib2_1	8.74783761169057	42.0	150.0	150	18.181818181818183	961152.0
AF02_EKDL240003470-1A_223JWCLT4_L2.lib2_2	9.491868575700863	43.0	150.0	150	18.181818181818183	961152.0
AF02_EKDL240003470-1A_22JVFTLT3_L1.lib1_1	17.43548975492412	43.0	150.0	150	18.181818181818183	14785312.0
AF02_EKDL240003470-1A_22JVFTLT3_L1.lib1_2	18.277565071372308	43.0	150.0	150	18.181818181818183	14785312.0
AF03_EKDL230051108-1A_22FN5HLT3_L1.lib1_1	7.833395764923537	45.0	150.0	150	0.0	14450401.0
AF03_EKDL230051108-1A_22FN5HLT3_L1.lib1_2	8.76150297676233	46.0	150.0	150	0.0	14450401.0
AF04_EKDL240003470-1A_223JWCLT4_L2.lib2_1	9.525361897529564	44.0	150.0	150	18.181818181818183	1373708.0
AF04_EKDL240003470-1A_223JWCLT4_L2.lib2_2	10.480329233674155	44.0	150.0	150	18.181818181818183	1373708.0
AF04_EKDL240003470-1A_22JVFTLT3_L1.lib1_1	17.84627415447592	44.0	150.0	150	27.27272727272727	20334955.0
AF04_EKDL240003470-1A_22JVFTLT3_L1.lib1_2	18.724977623835642	44.0	150.0	150	18.181818181818183	20334955.0
AF05_EKDL240003470-1A_223JWCLT4_L2.lib2_1	8.86828267856336	44.0	150.0	150	18.181818181818183	935384.0
AF05_EKDL240003470-1A_223JWCLT4_L2.lib2_2	9.930238983809602	45.0	150.0	150	18.181818181818183	935384.0
AF05_EKDL240003470-1A_22JVFTLT3_L1.lib1_1	7.54839976184212	44.0	150.0	150	18.181818181818183	14283269.0
AF05_EKDL240003470-1A_22JVFTLT3_L1.lib1_2	8.664770390225868	45.0	150.0	150	27.27272727272727	14283269.0
AF06_EKDL240003470-1A_223JWCLT4_L2.lib2_1	7.910477313168158	44.0	150.0	150	18.181818181818183	1067210.0
AF06_EKDL240003470-1A_223JWCLT4_L2.lib2_2	9.1408602311366	45.0	150.0	150	18.181818181818183	1067210.0
AF06_EKDL240003470-1A_22JVFTLT3_L1.lib1_1	10.064246010610148	44.0	150.0	150	18.181818181818183	15442722.0
AF06_EKDL240003470-1A_22JVFTLT3_L1.lib1_2	11.444201135867004	45.0	150.0	150	27.27272727272727	15442722.0
AF07_EKDL230051108-1A_22FN5HLT3_L1.lib1_1	11.344785493468152	43.0	150.0	150	0.0	11431320.0
AF07_EKDL230051108-1A_22FN5HLT3_L1.lib1_2	12.939180993570446	44.0	150.0	150	9.090909090909092	11431320.0
AF08_EKDL240003470-1A_223JWCLT4_L2.lib2_1	7.784689473474174	43.0	150.0	150	18.181818181818183	1155554.0
AF08_EKDL240003470-1A_223JWCLT4_L2.lib2_2	8.80881368835	43.0	150.0	150	18.181818181818183	1155554.0
AF08_EKDL240003470-1A_22JVFTLT3_L1.lib1_1	12.980989811947325	43.0	150.0	150	18.181818181818183	18706696.0
AF08_EKDL240003470-1A_22JVFTLT3_L1.lib1_2	13.842909062910422	43.0	150.0	150	18.181818181818183	18706696.0
AF09_EKDL240003470-1A_223JWCLT4_L2.lib2_1	13.016570684371814	43.0	150.0	150	18.181818181818183	132902.0
AF09_EKDL240003470-1A_223JWCLT4_L2.lib2_2	14.148766649412778	44.0	150.0	150	18.181818181818183	132902.0
AF09_EKDL240003470-1A_22JVFTLT3_L1.lib1_1	5.639405894025799	43.0	150.0	150	18.181818181818183	1896672.0
AF09_EKDL240003470-1A_22JVFTLT3_L1.lib1_2	6.751613302743721	44.0	150.0	150	27.27272727272727	1896672.0
AF10_EKDL230051108-1A_22FN5HLT3_L1.lib1_1	30.820167200025068	43.0	150.0	150	9.090909090909092	16464919.0
AF10_EKDL230051108-1A_22FN5HLT3_L1.lib1_2	31.680515553616175	43.0	150.0	150	9.090909090909092	16464919.0
AF11_EKDL240003470-1A_223JWCLT4_L2.lib2_1	8.243291292985703	43.0	150.0	150	18.181818181818183	422737.0
AF11_EKDL240003470-1A_223JWCLT4_L2.lib2_2	9.304172981887703	44.0	150.0	150	18.181818181818183	422737.0
AF11_EKDL240003470-1A_22JVFTLT3_L1.lib1_1	5.140568666929141	43.0	150.0	150	18.181818181818183	6112302.0
AF11_EKDL240003470-1A_22JVFTLT3_L1.lib1_2	6.1892224443521116	44.0	150.0	150	27.27272727272727	6112302.0
AF12_EKDL240003470-1A_223JWCLT4_L2.lib2_1	13.480201549900599	43.0	150.0	150	18.181818181818183	619838.0
AF12_EKDL240003470-1A_223JWCLT4_L2.lib2_2	15.095725420832835	44.0	150.0	150	18.181818181818183	619838.0
AF12_EKDL240003470-1A_22JVFTLT3_L1.lib1_1	13.67282007177893	43.0	150.0	150	18.181818181818183	9531195.0
AF12_EKDL240003470-1A_22JVFTLT3_L1.lib1_2	14.869303069733576	44.0	150.0	150	27.27272727272727	9531195.0
AF13_EKDL230051108-1A_22FN5HLT3_L1.lib1_1	64.57267929991892	43.0	150.0	150	9.090909090909092	17755672.0
AF13_EKDL230051108-1A_22FN5HLT3_L1.lib1_2	65.1201678047	44.0	150.0	150	18.181818181818183	17755672.0
AFU87_EKDL230051108-1A_22FN5HLT3_L1.lib1_1	6.810713090753467	43.0	150.0	150	0.0	11566459.0
AFU87_EKDL230051108-1A_22FN5HLT3_L1.lib1_2	8.677999252432315	44.0	150.0	150	9.090909090909092	11566459.0
AFU88_EKDL230051108-1A_22FN5HLT3_L1.lib1_1	6.176109985956089	43.0	150.0	150	0.0	6353060.0
AFU88_EKDL230051108-1A_22FN5HLT3_L1.lib1_2	7.820627035715205	44.0	150.0	150	9.090909090909092	6353060.0
AFU91_EKDL230051108-1A_22FN5HLT3_L1.lib1_1	8.441438071508273	42.0	150.0	150	0.0	17382243.0
AFU91_EKDL230051108-1A_22FN5HLT3_L1.lib1_2	10.031105781149122	43.0	150.0	150	9.090909090909092	17382243.0
AFU92_EKDL230051108-1A_22FN5HLT3_L1.lib1_1	8.588402784310645	42.0	150.0	150	0.0	12269025.0
AFU92_EKDL230051108-1A_22FN5HLT3_L1.lib1_2	10.477903220708896	44.0	150.0	150	9.090909090909092	12269025.0
AFU93_EKDL230051108-1A_22FN5HLT3_L1.lib1_1	6.241781791365582	39.0	150.0	150	0.0	10725769.0
AFU93_EKDL230051108-1A_22FN5HLT3_L1.lib1_2	7.1446988534489435	40.0	150.0	150	0.0	10725769.0
AFU94_EKDL230051108-1A_22FN5HLT3_L1.lib1_1	8.952877854163503	43.0	150.0	150	0.0	15966581.0
AFU94_EKDL230051108-1A_22FN5HLT3_L1.lib1_2	9.9902931980984	44.0	150.0	150	9.090909090909092	15966581.0
AFU95_EKDL230051108-1A_22FN5HLT3_L1.lib1_1	9.156637183320882	40.0	150.0	150	0.0	17588430.0
AFU95_EKDL230051108-1A_22FN5HLT3_L1.lib1_2	10.675124038625867	41.0	150.0	150	9.090909090909092	17588430.0
AFU96_EKDL230051108-1A_22FN5HLT3_L1.lib1_1	11.54617839668505	44.0	150.0	150	0.0	25736477.0
AFU96_EKDL230051108-1A_22FN5HLT3_L1.lib1_2	12.570048240612849	44.0	150.0	150	9.090909090909092	25736477.0
AFU97_EKDL230051108-1A_22FN5HLT3_L1.lib1_1	6.068311749262833	40.0	150.0	150	0.0	13074897.0
AFU97_EKDL230051108-1A_22FN5HLT3_L1.lib1_2	7.3806871454982	41.0	150.0	150	9.090909090909092	13074897.0
AFU98_EKDL230051108-1A_22FN5HLT3_L1.lib1_1	6.918713263876015	45.0	150.0	150	9.090909090909092	12896930.0
AFU98_EKDL230051108-1A_22FN5HLT3_L1.lib1_2	7.938349541337999	45.0	150.0	150	9.090909090909092	12896930.0
AFU99_EKDL230051108-1A_22FN5HLT3_L1.lib1_1	7.1490244707765385	44.0	150.0	150	0.0	8542204.0
AFU99_EKDL230051108-1A_22FN5HLT3_L1.lib1_2	8.571994289528746	45.0	150.0	150	9.090909090909092	8542204.0
AFV01_EKDL230051108-1A_22FN5HLT3_L1.lib1_1	27.31474392800395	41.0	150.0	150	0.0	18816020.0
AFV01_EKDL230051108-1A_22FN5HLT3_L1.lib1_2	28.858196378702075	42.0	150.0	150	9.090909090909092	18816020.0
AFV02_EKDL230051108-1A_22FN5HLT3_L1.lib1_1	10.406413079566065	40.0	150.0	150	0.0	15593808.0
AFV02_EKDL230051108-1A_22FN5HLT3_L1.lib1_2	12.438621573061099	42.0	150.0	150	9.090909090909092	15593808.0
AFV03_EKDL230051108-1A_22FN5HLT3_L1.lib1_1	7.7756228683171855	43.0	150.0	150	0.0	18802318.0
AFV03_EKDL230051108-1A_22FN5HLT3_L1.lib1_2	8.71396422594745	44.0	150.0	150	0.0	18802318.0
AFV04_EKDL230051108-1A_22FN5HLT3_L1.lib1_1	15.037609217625729	44.0	150.0	150	0.0	2301351.0
AFV04_EKDL230051108-1A_22FN5HLT3_L1.lib1_2	15.890236021555125	44.0	150.0	150	0.0	2301351.0
AFV05_EKDL230051108-1A_22FN5HLT3_L1.lib1_1	79.15713292158193	43.0	150.0	150	18.181818181818183	19877726.0
AFV05_EKDL230051108-1A_22FN5HLT3_L1.lib1_2	79.60067146405002	45.0	150.0	150	27.27272727272727	19877726.0
AFV06_EKDL230051108-1A_22FN5HLT3_L1.lib1_1	8.064613956213378	44.0	150.0	150	0.0	18086909.0
AFV06_EKDL230051108-1A_22FN5HLT3_L1.lib1_2	9.962753951637296	45.0	150.0	150	9.090909090909092	18086909.0
AFV07_EKDL230051108-1A_22FN5HLT3_L1.lib1_1	6.007002231647661	42.0	150.0	150	0.0	9960128.0
AFV07_EKDL230051108-1A_22FN5HLT3_L1.lib1_2	6.857803413502523	43.0	150.0	150	0.0	9960128.0
AFV08_EKDL230051108-1A_22FN5HLT3_L1.lib1_1	6.80947025738385	43.0	150.0	150	0.0	15631924.0
AFV08_EKDL230051108-1A_22FN5HLT3_L1.lib1_2	8.375423560088024	43.0	150.0	150	9.090909090909092	15631924.0
AFV09_EKDL230051108-1A_22FN5HLT3_L1.lib1_1	39.29429476285426	42.0	150.0	150	9.090909090909092	16063632.0
AFV09_EKDL230051108-1A_22FN5HLT3_L1.lib1_2	40.13977227871851	43.0	150.0	150	18.181818181818183	16063632.0
AFV10_EKDL230051108-1A_22FN5HLT3_L1.lib1_1	80.80669007996673	44.0	150.0	150	18.181818181818183	14553438.0
AFV10_EKDL230051108-1A_22FN5HLT3_L1.lib1_2	80.68801656883012	47.0	150.0	150	36.36363636363637	14553438.0
AFV11_EKDL230051108-1A_22FN5HLT3_L1.lib1_1	7.216915659505446	42.0	150.0	150	0.0	18181115.0
AFV11_EKDL230051108-1A_22FN5HLT3_L1.lib1_2	8.156835939375597	43.0	150.0	150	0.0	18181115.0
AFV12_EKDL230051108-1A_22FN5HLT3_L1.lib1_1	7.11124699483797	42.0	150.0	150	0.0	16127247.0
AFV12_EKDL230051108-1A_22FN5HLT3_L1.lib1_2	8.597469907377402	42.0	150.0	150	9.090909090909092	16127247.0
AFV13_EKDL230051108-1A_22FN5HLT3_L1.lib1_1	73.63107445309194	43.0	150.0	150	18.181818181818183	15295887.0
AFV13_EKDL230051108-1A_22FN5HLT3_L1.lib1_2	74.04894490040729	44.0	150.0	150	27.27272727272727	15295887.0
AFV14_EKDL230051108-1A_22FN5HLT3_L1.lib1_1	6.801645028004856	43.0	150.0	150	0.0	14806316.0
AFV14_EKDL230051108-1A_22FN5HLT3_L1.lib1_2	8.087469614152937	44.0	150.0	150	9.090909090909092	14806316.0
AFV15_EKDL230051108-1A_22FN5HLT3_L1.lib1_1	31.335942732882543	39.0	150.0	150	0.0	21378621.0
AFV15_EKDL230051108-1A_22FN5HLT3_L1.lib1_2	34.442004883207005	42.0	150.0	150	18.181818181818183	21378621.0
AFV16_EKDL230051108-1A_22FN5HLT3_L1.lib1_1	6.445775588894307	43.0	150.0	150	0.0	12473524.0
AFV16_EKDL230051108-1A_22FN5HLT3_L1.lib1_2	7.724151478866119	44.0	150.0	150	9.090909090909092	12473524.0
AFV17_EKDL230051108-1A_22FN5HLT3_L1.lib1_1	13.10121159465281	42.0	150.0	150	9.090909090909092	15828546.0
AFV17_EKDL230051108-1A_22FN5HLT3_L1.lib1_2	13.73950734529167	43.0	150.0	150	9.090909090909092	15828546.0
